1.108647e-03 
3.325942e-03 
5.543237e-03 
7.760532e-03 
9.977827e-03 
1.219512e-02 
1.441242e-02 
1.662971e-02 
1.884701e-02 
2.106430e-02 
2.328160e-02 
2.549889e-02 
2.771619e-02 
2.993348e-02 
3.215078e-02 
3.436807e-02 
3.658537e-02 
3.880266e-02 
4.101996e-02 
4.323725e-02 
4.545455e-02 
4.767184e-02 
4.988914e-02 
5.210643e-02 
5.432373e-02 
5.654102e-02 
5.875831e-02 
6.097561e-02 
6.319290e-02 
6.541020e-02 
6.762749e-02 
6.984479e-02 
7.206208e-02 
7.427938e-02 
7.649667e-02 
7.871397e-02 
8.093126e-02 
8.314856e-02 
8.536585e-02 
8.758315e-02 
8.980044e-02 
9.201774e-02 
9.423503e-02 
9.645233e-02 
9.866962e-02 
1.008869e-01 
1.031042e-01 
1.053215e-01 
1.075388e-01 
1.097561e-01 
1.119734e-01 
1.141907e-01 
1.164080e-01 
1.186253e-01 
1.208426e-01 
1.230599e-01 
1.252772e-01 
1.274945e-01 
1.297118e-01 
1.319290e-01 
1.341463e-01 
1.363636e-01 
1.385809e-01 
1.407982e-01 
1.430155e-01 
1.452328e-01 
1.474501e-01 
1.496674e-01 
1.518847e-01 
1.541020e-01 
1.563193e-01 
1.585366e-01 
1.607539e-01 
1.629712e-01 
1.651885e-01 
1.674058e-01 
1.696231e-01 
1.718404e-01 
1.740576e-01 
1.762749e-01 
1.784922e-01 
1.807095e-01 
1.829268e-01 
1.851441e-01 
1.873614e-01 
1.895787e-01 
1.917960e-01 
1.940133e-01 
1.962306e-01 
1.984479e-01 
2.006652e-01 
2.028825e-01 
2.050998e-01 
2.073171e-01 
2.095344e-01 
2.117517e-01 
2.139690e-01 
2.161863e-01 
2.184035e-01 
2.206208e-01 
2.228381e-01 
2.250554e-01 
2.272727e-01 
2.294900e-01 
2.317073e-01 
2.339246e-01 
2.361419e-01 
2.383592e-01 
2.405765e-01 
2.427938e-01 
2.450111e-01 
2.472284e-01 
2.494457e-01 
2.516630e-01 
2.538803e-01 
2.560976e-01 
2.583149e-01 
2.605322e-01 
2.627494e-01 
2.649667e-01 
2.671840e-01 
2.694013e-01 
2.716186e-01 
2.738359e-01 
2.760532e-01 
2.782705e-01 
2.804878e-01 
2.827051e-01 
2.849224e-01 
2.871397e-01 
2.893570e-01 
2.915743e-01 
2.937916e-01 
2.960089e-01 
2.982262e-01 
3.004435e-01 
3.026608e-01 
3.048780e-01 
3.070953e-01 
3.093126e-01 
3.115299e-01 
3.137472e-01 
3.159645e-01 
3.181818e-01 
3.203991e-01 
3.226164e-01 
3.248337e-01 
3.270510e-01 
3.292683e-01 
3.314856e-01 
3.337029e-01 
3.359202e-01 
3.381375e-01 
3.403548e-01 
3.425721e-01 
3.447894e-01 
3.470067e-01 
3.492239e-01 
3.514412e-01 
3.536585e-01 
3.558758e-01 
3.580931e-01 
3.603104e-01 
3.625277e-01 
3.647450e-01 
3.669623e-01 
3.691796e-01 
3.713969e-01 
3.736142e-01 
3.758315e-01 
3.780488e-01 
3.802661e-01 
3.824834e-01 
3.847007e-01 
3.869180e-01 
3.891353e-01 
3.913525e-01 
3.935698e-01 
3.957871e-01 
3.980044e-01 
4.002217e-01 
4.024390e-01 
4.046563e-01 
4.068736e-01 
4.090909e-01 
4.113082e-01 
4.135255e-01 
4.157428e-01 
4.179601e-01 
4.201774e-01 
4.223947e-01 
4.246120e-01 
4.268293e-01 
4.290466e-01 
4.312639e-01 
4.334812e-01 
4.356984e-01 
4.379157e-01 
4.401330e-01 
4.423503e-01 
4.445676e-01 
4.467849e-01 
4.490022e-01 
4.512195e-01 
4.534368e-01 
4.556541e-01 
4.578714e-01 
4.600887e-01 
4.623060e-01 
4.645233e-01 
4.667406e-01 
4.689579e-01 
4.711752e-01 
4.733925e-01 
4.756098e-01 
4.778271e-01 
4.800443e-01 
4.822616e-01 
4.844789e-01 
4.866962e-01 
4.889135e-01 
4.911308e-01 
4.933481e-01 
4.955654e-01 
4.977827e-01 
5.000000e-01 
5.022173e-01 
5.044346e-01 
5.066519e-01 
5.088692e-01 
5.110865e-01 
5.133038e-01 
5.155211e-01 
5.177384e-01 
5.199557e-01 
5.221729e-01 
5.243902e-01 
5.266075e-01 
5.288248e-01 
5.310421e-01 
5.332594e-01 
5.354767e-01 
5.376940e-01 
5.399113e-01 
5.421286e-01 
5.443459e-01 
5.465632e-01 
5.487805e-01 
5.509978e-01 
5.532151e-01 
5.554324e-01 
5.576497e-01 
5.598670e-01 
5.620843e-01 
5.643016e-01 
5.665188e-01 
5.687361e-01 
5.709534e-01 
5.731707e-01 
5.753880e-01 
5.776053e-01 
5.798226e-01 
5.820399e-01 
5.842572e-01 
5.864745e-01 
5.886918e-01 
5.909091e-01 
5.931264e-01 
5.953437e-01 
5.975610e-01 
5.997783e-01 
6.019956e-01 
6.042129e-01 
6.064302e-01 
6.086475e-01 
6.108647e-01 
6.130820e-01 
6.152993e-01 
6.175166e-01 
6.197339e-01 
6.219512e-01 
6.241685e-01 
6.263858e-01 
6.286031e-01 
6.308204e-01 
6.330377e-01 
6.352550e-01 
6.374723e-01 
6.396896e-01 
6.419069e-01 
6.441242e-01 
6.463415e-01 
6.485588e-01 
6.507761e-01 
6.529933e-01 
6.552106e-01 
6.574279e-01 
6.596452e-01 
6.618625e-01 
6.640798e-01 
6.662971e-01 
6.685144e-01 
6.707317e-01 
6.729490e-01 
6.751663e-01 
6.773836e-01 
6.796009e-01 
6.818182e-01 
6.840355e-01 
6.862528e-01 
6.884701e-01 
6.906874e-01 
6.929047e-01 
6.951220e-01 
6.973392e-01 
6.995565e-01 
7.017738e-01 
7.039911e-01 
7.062084e-01 
7.084257e-01 
7.106430e-01 
7.128603e-01 
7.150776e-01 
7.172949e-01 
7.195122e-01 
7.217295e-01 
7.239468e-01 
7.261641e-01 
7.283814e-01 
7.305987e-01 
7.328160e-01 
7.350333e-01 
7.372506e-01 
7.394678e-01 
7.416851e-01 
7.439024e-01 
7.461197e-01 
7.483370e-01 
7.505543e-01 
7.527716e-01 
7.549889e-01 
7.572062e-01 
7.594235e-01 
7.616408e-01 
7.638581e-01 
7.660754e-01 
7.682927e-01 
7.705100e-01 
7.727273e-01 
7.749446e-01 
7.771619e-01 
7.793792e-01 
7.815965e-01 
7.838137e-01 
7.860310e-01 
7.882483e-01 
7.904656e-01 
7.926829e-01 
7.949002e-01 
7.971175e-01 
7.993348e-01 
8.015521e-01 
8.037694e-01 
8.059867e-01 
8.082040e-01 
8.104213e-01 
8.126386e-01 
8.148559e-01 
8.170732e-01 
8.192905e-01 
8.215078e-01 
8.237251e-01 
8.259424e-01 
8.281596e-01 
8.303769e-01 
8.325942e-01 
8.348115e-01 
8.370288e-01 
8.392461e-01 
8.414634e-01 
8.436807e-01 
8.458980e-01 
8.481153e-01 
8.503326e-01 
8.525499e-01 
8.547672e-01 
8.569845e-01 
8.592018e-01 
8.614191e-01 
8.636364e-01 
8.658537e-01 
8.680710e-01 
8.702882e-01 
8.725055e-01 
8.747228e-01 
8.769401e-01 
8.791574e-01 
8.813747e-01 
8.835920e-01 
8.858093e-01 
8.880266e-01 
8.902439e-01 
8.924612e-01 
8.946785e-01 
8.968958e-01 
8.991131e-01 
9.013304e-01 
9.035477e-01 
9.057650e-01 
9.079823e-01 
9.101996e-01 
9.124169e-01 
9.146341e-01 
9.168514e-01 
9.190687e-01 
9.212860e-01 
9.235033e-01 
9.257206e-01 
9.279379e-01 
9.301552e-01 
9.323725e-01 
9.345898e-01 
9.368071e-01 
9.390244e-01 
9.412417e-01 
9.434590e-01 
9.456763e-01 
9.478936e-01 
9.501109e-01 
9.523282e-01 
9.545455e-01 
9.567627e-01 
9.589800e-01 
9.611973e-01 
9.634146e-01 
9.656319e-01 
9.678492e-01 
9.700665e-01 
9.722838e-01 
9.745011e-01 
9.767184e-01 
9.789357e-01 
9.811530e-01 
9.833703e-01 
9.855876e-01 
9.878049e-01 
9.900222e-01 
9.922395e-01 
9.944568e-01 
9.966741e-01 
9.988914e-01 
