1.945525e-03 
5.836576e-03 
9.727626e-03 
1.361868e-02 
1.750973e-02 
2.140078e-02 
2.529183e-02 
2.918288e-02 
3.307393e-02 
3.696498e-02 
4.085603e-02 
4.474708e-02 
4.863813e-02 
5.252918e-02 
5.642023e-02 
6.031128e-02 
6.420233e-02 
6.809339e-02 
7.198444e-02 
7.587549e-02 
7.976654e-02 
8.365759e-02 
8.754864e-02 
9.143969e-02 
9.533074e-02 
9.922179e-02 
1.031128e-01 
1.070039e-01 
1.108949e-01 
1.147860e-01 
1.186770e-01 
1.225681e-01 
1.264591e-01 
1.303502e-01 
1.342412e-01 
1.381323e-01 
1.420233e-01 
1.459144e-01 
1.498054e-01 
1.536965e-01 
1.575875e-01 
1.614786e-01 
1.653696e-01 
1.692607e-01 
1.731518e-01 
1.770428e-01 
1.809339e-01 
1.848249e-01 
1.887160e-01 
1.926070e-01 
1.964981e-01 
2.003891e-01 
2.042802e-01 
2.081712e-01 
2.120623e-01 
2.159533e-01 
2.198444e-01 
2.237354e-01 
2.276265e-01 
2.315175e-01 
2.354086e-01 
2.392996e-01 
2.431907e-01 
2.470817e-01 
2.509728e-01 
2.548638e-01 
2.587549e-01 
2.626459e-01 
2.665370e-01 
2.704280e-01 
2.743191e-01 
2.782101e-01 
2.821012e-01 
2.859922e-01 
2.898833e-01 
2.937743e-01 
2.976654e-01 
3.015564e-01 
3.054475e-01 
3.093385e-01 
3.132296e-01 
3.171206e-01 
3.210117e-01 
3.249027e-01 
3.287938e-01 
3.326848e-01 
3.365759e-01 
3.404669e-01 
3.443580e-01 
3.482490e-01 
3.521401e-01 
3.560311e-01 
3.599222e-01 
3.638132e-01 
3.677043e-01 
3.715953e-01 
3.754864e-01 
3.793774e-01 
3.832685e-01 
3.871595e-01 
3.910506e-01 
3.949416e-01 
3.988327e-01 
4.027237e-01 
4.066148e-01 
4.105058e-01 
4.143969e-01 
4.182879e-01 
4.221790e-01 
4.260700e-01 
4.299611e-01 
4.338521e-01 
4.377432e-01 
4.416342e-01 
4.455253e-01 
4.494163e-01 
4.533074e-01 
4.571984e-01 
4.610895e-01 
4.649805e-01 
4.688716e-01 
4.727626e-01 
4.766537e-01 
4.805447e-01 
4.844358e-01 
4.883268e-01 
4.922179e-01 
4.961089e-01 
5.000000e-01 
5.038911e-01 
5.077821e-01 
5.116732e-01 
5.155642e-01 
5.194553e-01 
5.233463e-01 
5.272374e-01 
5.311284e-01 
5.350195e-01 
5.389105e-01 
5.428016e-01 
5.466926e-01 
5.505837e-01 
5.544747e-01 
5.583658e-01 
5.622568e-01 
5.661479e-01 
5.700389e-01 
5.739300e-01 
5.778210e-01 
5.817121e-01 
5.856031e-01 
5.894942e-01 
5.933852e-01 
5.972763e-01 
6.011673e-01 
6.050584e-01 
6.089494e-01 
6.128405e-01 
6.167315e-01 
6.206226e-01 
6.245136e-01 
6.284047e-01 
6.322957e-01 
6.361868e-01 
6.400778e-01 
6.439689e-01 
6.478599e-01 
6.517510e-01 
6.556420e-01 
6.595331e-01 
6.634241e-01 
6.673152e-01 
6.712062e-01 
6.750973e-01 
6.789883e-01 
6.828794e-01 
6.867704e-01 
6.906615e-01 
6.945525e-01 
6.984436e-01 
7.023346e-01 
7.062257e-01 
7.101167e-01 
7.140078e-01 
7.178988e-01 
7.217899e-01 
7.256809e-01 
7.295720e-01 
7.334630e-01 
7.373541e-01 
7.412451e-01 
7.451362e-01 
7.490272e-01 
7.529183e-01 
7.568093e-01 
7.607004e-01 
7.645914e-01 
7.684825e-01 
7.723735e-01 
7.762646e-01 
7.801556e-01 
7.840467e-01 
7.879377e-01 
7.918288e-01 
7.957198e-01 
7.996109e-01 
8.035019e-01 
8.073930e-01 
8.112840e-01 
8.151751e-01 
8.190661e-01 
8.229572e-01 
8.268482e-01 
8.307393e-01 
8.346304e-01 
8.385214e-01 
8.424125e-01 
8.463035e-01 
8.501946e-01 
8.540856e-01 
8.579767e-01 
8.618677e-01 
8.657588e-01 
8.696498e-01 
8.735409e-01 
8.774319e-01 
8.813230e-01 
8.852140e-01 
8.891051e-01 
8.929961e-01 
8.968872e-01 
9.007782e-01 
9.046693e-01 
9.085603e-01 
9.124514e-01 
9.163424e-01 
9.202335e-01 
9.241245e-01 
9.280156e-01 
9.319066e-01 
9.357977e-01 
9.396887e-01 
9.435798e-01 
9.474708e-01 
9.513619e-01 
9.552529e-01 
9.591440e-01 
9.630350e-01 
9.669261e-01 
9.708171e-01 
9.747082e-01 
9.785992e-01 
9.824903e-01 
9.863813e-01 
9.902724e-01 
9.941634e-01 
9.980545e-01 
